7178
7246
7182
6915
7188
7191
7202
7214
7227
7228
7229
7231
7235
7236
7267
7270
7274
7277
7286
6783
6790
6829
6846
6849
6850
6852
6946
6898
6899
6917
6947
6953
6958
6960
6983
7054
7007
7011
7207
7044
7050
7065
7070
7082
7100
7114
7119
7126
7128
7134
7146
7155
7156
7131
7171
7176
7183
7186
7194
7123
7203
7204
7206
7218
7220
7226
5195
7255
7257
7258
7261
7265
7271
7281
6781
6786
6787
6788
7301
6792
6794
6797
6798
6810
6819
6820
6825
6826
6828
6830
6831
6832
6834
6838
6841
6851
6867
6869
6872
7121
6951
6897
6901
6904
6906
6908
7210
6910
6912
6919
6927
6929
6933
6934
6935
6961
6944
6945
6949
6952
6954
6957
6979
6984
6987
6990
6991
6993
6999
7000
7005
7018
7025
7026
7027
7034
7037
7038
7040
7041
7042
7053
7057
7061
7089
7092
7093
7099
7122
7130
7078
7144
7145
7157
7158
7161
7163
7179
1577
7213
7247
7263
7294
6791
6815
6914
6922
3377
3383
7073
4011
4015
7125
7081
1575
1578
5277
5278
6886
5366
5367
3362
3384
3388
3389
3982
3999
4006
4009
4026
4557
4561
4567
4571
5184
5191
5275
3364
3987
4005
4013
4563
5273
5379
3356
5363
4019
5189
5198
5182
7169
7177
7184
7187
7201
7259
7205
7162
6997
7222
7197
7260
7268
1639
1640
1643
7276
7283
6782
6784
7297
6821
6847
6870
6871
6900
6903
6905
6911
6931
6932
6940
6955
6963
6968
6988
6989
6994
7014
7019
7055
7074
7075
7086
7285
7090
7091
7094
7095
7096
7102
7110
7120
7133
7136
7139
7149
7150
7189
7251
6930
7221
6986
7006
7013
7269
7160
6923
4553
5288
7242
6785
6789
6793
6796
6801
6803
6806
6807
6812
6822
6823
6824
6827
6836
6837
6861
6873
6895
6896
6902
6907
6909
6913
6916
6918
6920
6928
6936
6948
6950
6962
6972
6977
6978
6981
6982
6992
6995
7008
7010
7012
7015
7016
7017
7033
7035
7036
7039
7045
7049
7052
7056
7059
7060
7069
7071
7072
7076
7077
7088
7103
7104
7105
7124
7127
7129
7132
7135
7137
7138
7147
7148
7151
7154
7159
7170
7181
7185
7192
7193
7196
7208
7219
7223
7224
7225
7232
7234
7237
7252
7253
7264
7266
7272
7275
7278
7279
7280
7284
7291
4559
6848
6868
6998
5183
7254
7152
5194
5290
6840
3387
4017
6996
3359
4576
6939
6985
5284
3984
3988
4024
5188
5190
5192
5272
5279
5283
5365
5369
5376
3355
3358
3360
3361
3367
3381
3391
3392
3393
3402
3985
3990
3991
3998
4004
4007
4014
4020
4029
4030
4569
4573
4574
4582
5179
5281
3379
3380
3385
3403
4555
5196
5276
5371
5382
3371
3382
4012
4018
4565
5180
5287
3400
4001
4010
5373
5280
5285
5286
3354
3370
3395
3399
3983
3993
3995
4554
4556
4578
5271
5368
5370
5372
5374
5377
5378
3365
3368
3401
4968
3986
3992
4023
4579
4581
5187
4021
4025
4027
5274
4918
5181
4934
5185
5186
5364
5380
3378
3396
4575
5193
5282
3357
3398
4008
