4490
4487
4494
4489
4493
4498
4481
4484
4486
4491
4492
4480
4497
4068
2058
2060
2306
1555
1559
1560
2308
3099
3101
3105
3106
2225
4139
1069
4143
4144
1073
1075
3638
2740
2741
2627
4145
2631
2139
2143
2145
1634
1635
1640
3379
1642
2919
3858
2920
4210
4211
3191
3192
1148
3197
1151
1153
1154
1155
651
3010
3013
3561
4209
2220
2221
2222
1716
4281
1722
4285
3781
3782
3784
4215
1230
1232
1235
4217
3289
4146
731
733
3008
1318
3196
242
245
246
247
4479
2305
2227
2307
1796
1798
1799
1801
1803
2829
3854
3855
2834
3859
1156
3709
1313
1316
807
809
812
3378
3380
4000
325
326
327
2382
2387
2388
2389
4495
3643
2917
1895
1896
1897
2922
1900
1902
1391
1392
1393
1396
1397
888
890
895
4483
4485
3465
3466
3470
3471
4496
401
406
407
409
4141
2464
2465
4002
2468
2827
4072
3714
1976
1979
3288
1982
1983
1984
1473
1474
3015
968
969
970
973
974
482
3555
484
488
4075
2545
3716
2548
2550
3924
3925
3100
3104
1074
565
3642
2624
2630
2140
2144
3195
1150
644
646
3009
649
2219
2738
1715
1717
2742
3779
3785
1236
726
732
240
241
3283
2302
1802
3852
3635
1312
1315
563
3710
328
3554
2384
3926
3556
3930
2923
889
3559
3469
408
2469
1981
1475
1477
1478
4073
485
487
489
490
2551
1554
1556
3636
568
1637
3193
4001
4216
728
3286
2833
3372
806
3377
2737
2463
2560
2562
4011
4012
4013
2070
2071
2072
2074
2075
2076
1566
1567
1568
1570
1571
1572
3112
2089
3114
3116
3118
4293
3294
2934
4151
1081
1082
4155
1086
576
577
578
580
3653
3654
3937
4228
2637
2638
2639
2641
2642
2643
2647
2649
2748
2151
2152
2153
2155
2156
2157
1647
1648
1651
1652
1653
4224
2749
4226
3203
3205
2753
3022
1161
3722
2839
1166
657
658
659
661
662
663
2750
4080
3023
3478
2845
3870
2232
2233
2236
2237
2238
1728
1729
1730
4081
1732
1733
1734
4295
4297
4298
4299
3021
3792
3793
3794
3796
2479
3798
4313
1242
1243
1244
1247
1248
738
739
740
742
743
3298
3026
3113
4223
252
253
254
3797
256
257
258
3725
3652
3299
2313
2314
2315
2317
2318
2319
1809
1811
1813
1814
1815
2841
3866
2843
2844
3726
3871
3300
1323
1324
1325
2840
1327
1328
1329
819
820
821
823
824
825
3386
3295
3727
3389
3390
3296
3402
333
334
335
337
338
2394
2395
2396
2398
2399
2400
2932
3938
3387
3940
3942
4241
4156
3865
4157
2930
2931
1908
1909
1910
2935
2936
1913
1914
1404
1405
1406
1408
3648
1410
900
901
902
3649
904
905
906
2752
3650
3385
3480
3481
414
415
416
3568
418
420
3569
4008
2475
2476
2477
431
2480
2481
3571
2485
3207
4152
3572
4085
4294
1989
1990
1991
1993
1994
1995
1485
1486
1487
3025
982
983
985
986
987
3869
4092
4084
4007
495
497
4082
499
500
3573
4086
4009
505
2556
2557
2558
2561
1080
1084
1085
3209
3204
1167
3721
2234
1246
2754
339
3477
419
1490
1491
981
3723
496
3804
343
2081
1099
4100
2656
3395
4222
501
581
582
744
3027
3117
3208
3391
1409
3567
271
3936
3941
350
2163
1254
1502
1925
4153
1162
1163
1489
1649
1810
3867
1912
352
2494
667
2760
748
3220
2940
3041
1504
3659
2059
2062
2063
2064
1553
1558
1561
1070
564
569
570
2625
2828
4280
4282
1639
645
647
2924
650
2735
2736
2226
1718
4286
4288
3780
1229
727
730
244
3711
2301
725
3857
3715
3860
808
811
3373
3375
320
321
322
323
2381
2383
3928
3929
1898
1398
887
892
894
3713
3997
4067
1978
1479
971
483
3557
4070
3708
4074
2544
2546
3923
2549
2057
1067
4140
566
2629
2141
652
2743
1720
1234
1237
1797
1804
2831
2925
893
3463
403
3996
3011
2303
3287
1068
3014
4287
3786
3787
2832
1311
3931
2918
1901
3464
402
3995
3476
3482
4227
1165
3741
3877
586
1173
515
3885
1259
2942
353
